#XSPEC version: 12.13.0
#Build Date/Time: Tue Nov 22 21:01:32 2022
#
!XSPEC12>fit
#                                   Parameters
#C-Statistic  |beta|/N    Lvl    agn:3:norm  bvapec1:2:kT bvapec1:10:Si  bvapec1:11:S bvapec1:12:Ar bvapec1:13:Ca bvapec1:14:Fe bvapec1:15:Ni bvapec1:16:Re bvapec1:17:Ve bvapec1:18:no
#16431.5      8094.8       -3    0.00170310       2.05507      0.777278      0.781151      0.735952      0.872978      0.749016      0.883983    0.00418942       77.6337     0.0137734
#16190.6      9089.62      -4    0.00190970       1.99012       1.09173       1.10703      0.980330       1.28340       1.10781       1.64546    0.00420079       62.6896     0.0129104
#16158.8      2542.55      -5    0.00184112       2.01223       1.24227       1.26075       1.05890       1.41965       1.24351       1.99120    0.00420350       58.0668     0.0127159
#16158.4      319.37       -6    0.00182755       2.01820       1.26313       1.28369       1.06277       1.42822       1.25683       1.99958    0.00420323       56.7276     0.0126891
#16158.4      15.6565      -7    0.00182720       2.01856       1.26358       1.28471       1.06244       1.42836       1.25703       2.00116    0.00420318       56.6095     0.0126863
#==========================================================================================
# Variances and Principal Axes
#             agn:3bvapec1:2bvapec1:10bvapec1:11bvapec1:12bvapec1:13bvapec1:14bvapec1:15bvapec1:16bvapec1:17bvapec1:18  
# 3.6954E-10| -0.0068  -0.0001  -0.0000  -0.0000   0.0000  -0.0000   0.0000  -0.0000   1.0000  -0.0000  -0.0010  
# 1.3940E-09|  0.9702   0.0023   0.0001   0.0001   0.0001   0.0000   0.0002   0.0000   0.0068   0.0000   0.2421  
# 5.4892E-08| -0.2421   0.0039   0.0006   0.0017   0.0008   0.0006   0.0032   0.0000  -0.0007  -0.0000   0.9702  
# 4.0310E-04| -0.0011   0.9306  -0.0528  -0.1350  -0.0280   0.0034   0.3348   0.0040   0.0000  -0.0001  -0.0048  
# 5.0771E-03|  0.0004  -0.0328  -0.2075   0.8389  -0.2386  -0.2269   0.3791  -0.0044   0.0000  -0.0001  -0.0020  
# 5.6315E-03|  0.0006  -0.3229   0.2325  -0.4189  -0.2022  -0.2467   0.7511  -0.0177  -0.0000   0.0005  -0.0001  
# 8.7259E-03| -0.0002   0.0428   0.2102  -0.0186  -0.8844   0.3770  -0.1711   0.0053   0.0000   0.0001   0.0007  
# 1.4020E-02| -0.0004   0.1624   0.7148   0.1384  -0.0282  -0.6034  -0.2795   0.0226   0.0000  -0.0003  -0.0002  
# 2.1999E-02|  0.0004  -0.0132   0.5873   0.2883   0.3440   0.6173   0.2682  -0.0213  -0.0000  -0.0008  -0.0023  
# 3.8909E-01|  0.0000  -0.0138  -0.0014  -0.0000   0.0081   0.0195   0.0266   0.9993   0.0000  -0.0019  -0.0001  
# 1.2194E+02| -0.0000   0.0002   0.0006   0.0006   0.0005   0.0004  -0.0001   0.0019   0.0000   1.0000  -0.0000  
#------------------------------------------------------------------------------------------
#
#====================================================================================================================================
#  Covariance Matrix
#        1           2           3           4           5           6           7           8           9          10          11   
#   1.385e-08  -2.799e-06   1.049e-06   2.056e-06   3.463e-06   6.067e-06   7.613e-06   8.780e-06  -1.798e-10  -8.485e-05  -3.484e-08
#  -2.799e-06   1.413e-03   1.152e-03   8.136e-04  -1.275e-04  -1.016e-03  -2.227e-03  -5.197e-03   9.514e-08   2.992e-02  -5.201e-07
#   1.049e-06   1.152e-03   1.570e-02   3.687e-03   2.554e-03   2.555e-03   9.049e-04  -4.551e-04   1.049e-07   6.784e-02  -2.778e-05
#   2.056e-06   8.136e-04   3.687e-03   6.708e-03   1.764e-03   2.329e-03   1.002e-03   4.930e-05   1.058e-07   7.004e-02  -2.324e-05
#   3.463e-06  -1.275e-04   2.554e-03   1.764e-03   1.001e-02   2.642e-03   2.220e-03   3.087e-03  -7.630e-08   5.496e-02  -2.015e-05
#   6.067e-06  -1.016e-03   2.555e-03   2.329e-03   2.642e-03   1.550e-02   4.158e-03   7.247e-03  -5.013e-08   5.360e-02  -2.520e-05
#   7.613e-06  -2.227e-03   9.049e-04   1.002e-03   2.220e-03   4.158e-03   7.161e-03   9.996e-03  -1.542e-07  -1.452e-02  -1.931e-05
#   8.780e-06  -5.197e-03  -4.551e-04   4.930e-05   3.087e-03   7.247e-03   9.996e-03   3.890e-01   4.864e-08   2.364e-01  -2.290e-05
#  -1.798e-10   9.514e-08   1.049e-07   1.058e-07  -7.630e-08  -5.013e-08  -1.542e-07   4.864e-08   3.797e-10   1.784e-05  -9.959e-11
#  -8.485e-05   2.992e-02   6.784e-02   7.004e-02   5.496e-02   5.360e-02  -1.452e-02   2.364e-01   1.784e-05   1.219e+02  -1.005e-04
#  -3.484e-08  -5.201e-07  -2.778e-05  -2.324e-05  -2.015e-05  -2.520e-05  -1.931e-05  -2.290e-05  -9.959e-11  -1.005e-04   2.028e-07
#------------------------------------------------------------------------------------------------------------------------------------
#
#========================================================================
#Model agn:TBabs<1>*powerlaw<2> Source No.: 1   Active/On
#Model Model Component  Parameter  Unit     Value
# par  comp
#   1    1   TBabs      nH         10^22    0.129000     frozen
#   2    2   powerlaw   PhoIndex            2.35000      frozen
#   3    2   powerlaw   norm                1.82720E-03  +/-  1.17674E-04  
#________________________________________________________________________
#
#
#========================================================================
#Model bvapec1:TBabs<1>*bvapec<2> Source No.: 2   Active/On
#Model Model Component  Parameter  Unit     Value
# par  comp
#   1    1   TBabs      nH         10^22    0.129000     frozen
#   2    2   bvapec     kT         keV      2.01856      +/-  3.75839E-02  
#   3    2   bvapec     He                  1.00000      frozen
#   4    2   bvapec     C                   1.00000      frozen
#   5    2   bvapec     N                   1.00000      frozen
#   6    2   bvapec     O                   1.00000      frozen
#   7    2   bvapec     Ne                  1.00000      frozen
#   8    2   bvapec     Mg                  1.00000      frozen
#   9    2   bvapec     Al                  1.00000      frozen
#  10    2   bvapec     Si                  1.26358      +/-  0.125302     
#  11    2   bvapec     S                   1.28471      +/-  8.19037E-02  
#  12    2   bvapec     Ar                  1.06244      +/-  0.100052     
#  13    2   bvapec     Ca                  1.42836      +/-  0.124509     
#  14    2   bvapec     Fe                  1.25703      +/-  8.46219E-02  
#  15    2   bvapec     Ni                  2.00116      +/-  0.623736     
#  16    2   bvapec     Redshift            4.20318E-03  +/-  1.94847E-05  
#  17    2   bvapec     Velocity   km/s     56.6095      +/-  11.0427      
#  18    2   bvapec     norm                1.26863E-02  +/-  4.50364E-04  
#________________________________________________________________________
#
#
#Fit statistic  : C-Statistic                16158.38     using 16599 bins.
#
#Test statistic : Chi-Squared                10272.79     using 16599 bins.
#
#***Warning: Chi-square may not be valid due to bins with zero variance
#            in spectrum number(s): 1 
#
# Null hypothesis probability of 1.00e+00 with 16588 degrees of freedom
#
!XSPEC12>parallel leven 1
#
!XSPEC12>parallel error 20
#
!XSPEC12>error 1. agn:3
# Parameter   Confidence Range (1)
#     3   0.00171434   0.00193964    (-0.000112862,0.000112438)
#
!XSPEC12>error 1. bvapec1:2,10-18
# Parameter   Confidence Range (1)
#     2      1.98397      2.05701    (-0.0345999,0.038435)
#    10      1.14361      1.39276    (-0.119969,0.129181)
#    11      1.20513       1.3693    (-0.0796183,0.0845535)
#    12     0.965244      1.16523    (-0.0971705,0.102811)
#    13      1.30852      1.55558    (-0.119835,0.127229)
#    14       1.1803      1.34032    (-0.0767423,0.0832849)
#    15      1.41187      2.66032    (-0.589592,0.658857)
#    16   0.00418387   0.00422254    (-1.93118e-05,1.93594e-05)
#    17      44.9892      67.2759    (-11.6113,10.6754)
#    18    0.0122341    0.0131362    (-0.00045201,0.000450071)
#
!XSPEC12>parallel error 1
#
!XSPEC12>save model AGN_plus_TBabs
#
!XSPEC12>show par
#
#Parameters defined:
#========================================================================
#Model agn:TBabs<1>*powerlaw<2> Source No.: 1   Active/On
#Model Model Component  Parameter  Unit     Value
# par  comp
#   1    1   TBabs      nH         10^22    0.129000     frozen
#   2    2   powerlaw   PhoIndex            2.35000      frozen
#   3    2   powerlaw   norm                1.82720E-03  +/-  1.17674E-04  
#________________________________________________________________________
#
#========================================================================
#Model bvapec1:TBabs<1>*bvapec<2> Source No.: 2   Active/On
#Model Model Component  Parameter  Unit     Value
# par  comp
#   1    1   TBabs      nH         10^22    0.129000     frozen
#   2    2   bvapec     kT         keV      2.01857      +/-  3.75839E-02  
#   3    2   bvapec     He                  1.00000      frozen
#   4    2   bvapec     C                   1.00000      frozen
#   5    2   bvapec     N                   1.00000      frozen
#   6    2   bvapec     O                   1.00000      frozen
#   7    2   bvapec     Ne                  1.00000      frozen
#   8    2   bvapec     Mg                  1.00000      frozen
#   9    2   bvapec     Al                  1.00000      frozen
#  10    2   bvapec     Si                  1.26358      +/-  0.125302     
#  11    2   bvapec     S                   1.28475      +/-  8.19037E-02  
#  12    2   bvapec     Ar                  1.06242      +/-  0.100052     
#  13    2   bvapec     Ca                  1.42836      +/-  0.124509     
#  14    2   bvapec     Fe                  1.25704      +/-  8.46219E-02  
#  15    2   bvapec     Ni                  2.00144      +/-  0.623736     
#  16    2   bvapec     Redshift            4.20318E-03  +/-  1.94847E-05  
#  17    2   bvapec     Velocity   km/s     56.6010      +/-  11.0427      
#  18    2   bvapec     norm                1.26862E-02  +/-  4.50364E-04  
#________________________________________________________________________
#
#
!XSPEC12>cpd AGN_plus_TBabs.ps/cps
#
!XSPEC12>setpl rebin 5 10
#
!XSPEC12>setplot rebin 5 10
#
!XSPEC12>setpl xlog off
#
!XSPEC12>setplot xlog off
#
!XSPEC12>setpl ylog on
#
!XSPEC12>setplot ylog on
#
!XSPEC12>setpl energy
#
!XSPEC12>setplot energy
#
!XSPEC12>plot data resid
#
!XSPEC12>iplot
#
!XSPEC12>/*
#
!XSPEC12>/
#
!XSPEC12>null
#
!XSPEC12> quit
# XSPEC: quit
#