#XSPEC version: 12.13.0
#Build Date/Time: Tue Nov 22 21:01:32 2022
#
!XSPEC12>fit
#                                   Parameters
#C-Statistic  |beta|/N    Lvl    agn:3:norm  bvapec1:2:kT bvapec1:10:Si  bvapec1:11:S bvapec1:12:Ar bvapec1:13:Ca bvapec1:14:Fe bvapec1:15:Ni bvapec1:16:Re bvapec1:17:Ve bvapec1:18:no
#17728.2      7509.95      -3    0.00479718       1.78545      0.856593      0.860669      0.908414      0.994795      0.807243       1.19472    0.00429210       159.262     0.0344929
#16748.8      9113.77      -4    0.00428006       1.73759       1.38127       1.36931       1.38750       1.61310       1.22811       3.28470    0.00426294       159.997     0.0336328
#16591.8      4336.85      -5    0.00421928       1.74643       1.81536       1.76000       1.61901       1.93072       1.45528       4.23700    0.00425374       151.800     0.0318440
#16584        961.3        -6    0.00419514       1.74803       1.94653       1.86809       1.65377       1.98609       1.50082       4.37131    0.00425319       149.123     0.0315890
#16583.9      57.5888      -7    0.00419560       1.74772       1.95407       1.87325       1.65397       1.98848       1.50366       4.37664    0.00425299       148.661     0.0315786
#16583.9      2.70043      -8    0.00419527       1.74777       1.95416       1.87317       1.65368       1.98834       1.50346       4.37542    0.00425300       148.602     0.0315795
#==========================================================================================
# Variances and Principal Axes
#             agn:3bvapec1:2bvapec1:10bvapec1:11bvapec1:12bvapec1:13bvapec1:14bvapec1:15bvapec1:16bvapec1:17bvapec1:18  
# 3.4646E-10|  0.0015   0.0000   0.0000   0.0000   0.0000  -0.0000  -0.0000   0.0000  -1.0000   0.0000   0.0007  
# 4.4871E-09|  0.9780   0.0063   0.0003   0.0003   0.0001   0.0001   0.0005   0.0000   0.0016   0.0000   0.2084  
# 1.5934E-07| -0.2085   0.0105   0.0017   0.0041   0.0016   0.0011   0.0044   0.0000   0.0004  -0.0000   0.9779  
# 1.4114E-04| -0.0038   0.9776  -0.0413  -0.0764  -0.0042   0.0098   0.1910   0.0018   0.0000  -0.0001  -0.0118  
# 3.7946E-03| -0.0001  -0.0929   0.3631  -0.9042   0.0577   0.0448   0.1911  -0.0021  -0.0000   0.0005   0.0032  
# 4.3744E-03|  0.0010  -0.1530   0.0233   0.1711  -0.3551  -0.2759   0.8628  -0.0102  -0.0000   0.0006  -0.0019  
# 7.9006E-03| -0.0004   0.0533   0.3101   0.0358  -0.8382   0.3800  -0.2294   0.0068   0.0000  -0.0001   0.0006  
# 1.1379E-02| -0.0004   0.0955   0.7041   0.1971   0.0484  -0.6352  -0.2242   0.0122   0.0000  -0.0003  -0.0016  
# 2.3506E-02|  0.0006  -0.0117   0.5234   0.3272   0.4067   0.6111   0.2814  -0.0267  -0.0000  -0.0032  -0.0047  
# 1.0714E+00|  0.0000  -0.0054   0.0043   0.0061   0.0125   0.0188   0.0207   0.9995  -0.0000  -0.0008  -0.0001  
# 6.1639E+01| -0.0000   0.0002   0.0018   0.0014   0.0014   0.0019   0.0003   0.0007   0.0000   1.0000  -0.0000  
#------------------------------------------------------------------------------------------
#
#====================================================================================================================================
#  Covariance Matrix
#        1           2           3           4           5           6           7           8           9          10          11   
#   2.913e-08  -2.073e-06   2.944e-06   4.450e-06   6.696e-06   9.100e-06   9.632e-06   2.197e-05  -1.354e-10  -5.551e-05  -9.486e-08
#  -2.073e-06   4.332e-04   5.994e-04   3.155e-04  -2.505e-04  -6.123e-04  -1.153e-03  -5.746e-03   2.782e-08   1.243e-02  -9.337e-07
#   2.944e-06   5.994e-04   1.355e-02   4.649e-03   3.588e-03   3.690e-03   1.578e-03   4.493e-03   6.929e-08   1.082e-01  -6.611e-05
#   4.450e-06   3.155e-04   4.649e-03   6.369e-03   2.739e-03   3.317e-03   1.743e-03   6.448e-03   6.034e-08   8.903e-02  -5.325e-05
#   6.696e-06  -2.505e-04   3.588e-03   2.739e-03   1.031e-02   3.828e-03   3.085e-03   1.313e-02   3.295e-09   8.448e-02  -4.864e-05
#   9.100e-06  -6.123e-04   3.690e-03   3.317e-03   3.828e-03   1.546e-02   4.413e-03   1.976e-02  -5.221e-08   1.185e-01  -5.486e-05
#   9.632e-06  -1.153e-03   1.578e-03   1.743e-03   3.085e-03   4.413e-03   6.713e-03   2.192e-02  -8.359e-08   1.546e-02  -3.653e-05
#   2.197e-05  -5.746e-03   4.493e-03   6.448e-03   1.313e-02   1.976e-02   2.192e-02   1.070e+00  -2.419e-07   4.261e-02  -1.521e-04
#  -1.354e-10   2.782e-08   6.929e-08   6.034e-08   3.295e-09  -5.221e-08  -8.359e-08  -2.419e-07   3.505e-10   1.062e-05  -1.376e-10
#  -5.551e-05   1.243e-02   1.082e-01   8.903e-02   8.448e-02   1.185e-01   1.546e-02   4.261e-02   1.062e-05   6.164e+01  -6.641e-04
#  -9.486e-08  -9.337e-07  -6.611e-05  -5.325e-05  -4.864e-05  -5.486e-05  -3.653e-05  -1.521e-04  -1.376e-10  -6.641e-04   7.969e-07
#------------------------------------------------------------------------------------------------------------------------------------
#
#========================================================================
#Model agn:TBabs<1>*powerlaw<2> Source No.: 1   Active/On
#Model Model Component  Parameter  Unit     Value
# par  comp
#   1    1   TBabs      nH         10^22    0.129000     frozen
#   2    2   powerlaw   PhoIndex            2.35000      frozen
#   3    2   powerlaw   norm                4.19527E-03  +/-  1.70674E-04  
#________________________________________________________________________
#
#
#========================================================================
#Model bvapec1:TBabs<1>*bvapec<2> Source No.: 2   Active/On
#Model Model Component  Parameter  Unit     Value
# par  comp
#   1    1   TBabs      nH         10^22    0.129000     frozen
#   2    2   bvapec     kT         keV      1.74777      +/-  2.08129E-02  
#   3    2   bvapec     He                  1.00000      frozen
#   4    2   bvapec     C                   1.00000      frozen
#   5    2   bvapec     N                   1.00000      frozen
#   6    2   bvapec     O                   1.00000      frozen
#   7    2   bvapec     Ne                  1.00000      frozen
#   8    2   bvapec     Mg                  1.00000      frozen
#   9    2   bvapec     Al                  1.00000      frozen
#  10    2   bvapec     Si                  1.95416      +/-  0.116422     
#  11    2   bvapec     S                   1.87317      +/-  7.98047E-02  
#  12    2   bvapec     Ar                  1.65368      +/-  0.101552     
#  13    2   bvapec     Ca                  1.98834      +/-  0.124332     
#  14    2   bvapec     Fe                  1.50346      +/-  8.19328E-02  
#  15    2   bvapec     Ni                  4.37542      +/-  1.03458      
#  16    2   bvapec     Redshift            4.25300E-03  +/-  1.87208E-05  
#  17    2   bvapec     Velocity   km/s     148.602      +/-  7.85101      
#  18    2   bvapec     norm                3.15795E-02  +/-  8.92704E-04  
#________________________________________________________________________
#
#
#Fit statistic  : C-Statistic                16583.94     using 16599 bins.
#
#Test statistic : Chi-Squared                13285.80     using 16599 bins.
#
#***Warning: Chi-square may not be valid due to bins with zero variance
#            in spectrum number(s): 1 
#
# Null hypothesis probability of 1.00e+00 with 16588 degrees of freedom
#
!XSPEC12>parallel leven 1
#
!XSPEC12>parallel error 20
#
!XSPEC12>error 1. agn:3
# Parameter   Confidence Range (1)
#     3   0.00402937    0.0043608    (-0.000165909,0.000165522)
#
!XSPEC12>error 1. bvapec1:2,10-18
# Parameter   Confidence Range (1)
#     2      1.72864      1.76735    (-0.0191262,0.0195839)
#    10       1.8418      2.07263    (-0.112336,0.118497)
#    11      1.79525      1.95482    (-0.0779001,0.0816722)
#    12      1.55415      1.75773    (-0.0994931,0.104083)
#    13      1.86772      2.11492    (-0.120615,0.126583)
#    14      1.42815      1.58415    (-0.0753162,0.0806869)
#    15      3.39143       5.4512    (-0.983931,1.07584)
#    16   0.00423417   0.00427185    (-1.88374e-05,1.88444e-05)
#    17      140.067      157.127    (-8.52407,8.53625)
#    18    0.0306851    0.0324737    (-0.000894527,0.000894084)
#
!XSPEC12>parallel error 1
#
!XSPEC12>save model AGN_plus_TBabs
#
!XSPEC12>show par
#
#Parameters defined:
#========================================================================
#Model agn:TBabs<1>*powerlaw<2> Source No.: 1   Active/On
#Model Model Component  Parameter  Unit     Value
# par  comp
#   1    1   TBabs      nH         10^22    0.129000     frozen
#   2    2   powerlaw   PhoIndex            2.35000      frozen
#   3    2   powerlaw   norm                4.19528E-03  +/-  1.70674E-04  
#________________________________________________________________________
#
#========================================================================
#Model bvapec1:TBabs<1>*bvapec<2> Source No.: 2   Active/On
#Model Model Component  Parameter  Unit     Value
# par  comp
#   1    1   TBabs      nH         10^22    0.129000     frozen
#   2    2   bvapec     kT         keV      1.74777      +/-  2.08129E-02  
#   3    2   bvapec     He                  1.00000      frozen
#   4    2   bvapec     C                   1.00000      frozen
#   5    2   bvapec     N                   1.00000      frozen
#   6    2   bvapec     O                   1.00000      frozen
#   7    2   bvapec     Ne                  1.00000      frozen
#   8    2   bvapec     Mg                  1.00000      frozen
#   9    2   bvapec     Al                  1.00000      frozen
#  10    2   bvapec     Si                  1.95413      +/-  0.116422     
#  11    2   bvapec     S                   1.87315      +/-  7.98047E-02  
#  12    2   bvapec     Ar                  1.65365      +/-  0.101552     
#  13    2   bvapec     Ca                  1.98833      +/-  0.124332     
#  14    2   bvapec     Fe                  1.50346      +/-  8.19328E-02  
#  15    2   bvapec     Ni                  4.37536      +/-  1.03458      
#  16    2   bvapec     Redshift            4.25300E-03  +/-  1.87208E-05  
#  17    2   bvapec     Velocity   km/s     148.591      +/-  7.85101      
#  18    2   bvapec     norm                3.15796E-02  +/-  8.92704E-04  
#________________________________________________________________________
#
#
!XSPEC12>cpd AGN_plus_TBabs.ps/cps
#
!XSPEC12>setpl rebin 5 10
#
!XSPEC12>setplot rebin 5 10
#
!XSPEC12>setpl xlog off
#
!XSPEC12>setplot xlog off
#
!XSPEC12>setpl ylog on
#
!XSPEC12>setplot ylog on
#
!XSPEC12>setpl energy
#
!XSPEC12>setplot energy
#
!XSPEC12>plot data resid
#
!XSPEC12>iplot
#
!XSPEC12>/*
#
!XSPEC12>/
#
!XSPEC12>null
#
!XSPEC12>color 2 on 1
#
!XSPEC12>::tcl::namespace::current
#invalid command name "color"
#
!XSPEC12> quit
# XSPEC: quit
#