#XSPEC version: 12.13.0
#Build Date/Time: Tue Nov 22 21:01:32 2022
#
!XSPEC12>fit
#                                   Parameters
#C-Statistic  |beta|/N    Lvl    agn:3:norm  bvapec1:2:kT bvapec1:10:Si  bvapec1:11:S bvapec1:12:Ar bvapec1:13:Ca bvapec1:14:Fe bvapec1:15:Ni bvapec1:16:Re bvapec1:17:Ve bvapec1:18:no
#15408.3      6673.1       -3    0.00164805       1.87029      0.787233      0.764351      0.773710      0.879824      0.762683       1.02605    0.00429605       104.499     0.0142449
#15168.8      3705.11      -4    0.00154803       1.82566       1.14835       1.06858       1.01879       1.26639       1.07386       2.09215    0.00429237       88.0139     0.0140422
#15145.9      2006.05      -5    0.00151007       1.84006       1.36109       1.21872       1.07901       1.38927       1.18129       2.38138    0.00429423       79.3121     0.0137252
#15145.4      358.152      -6    0.00148372       1.85195       1.40328       1.24096       1.08290       1.39070       1.17457       2.31820    0.00429380       76.5130     0.0136926
#15145.4      99.999       -7    0.00149162       1.84840       1.39958       1.23737       1.08606       1.39426       1.18323       2.33869    0.00429281       75.4976     0.0136920
#15145.4      1.29612      -8    0.00148812       1.84999       1.40088       1.23828       1.08480       1.39167       1.17981       2.33130    0.00429290       75.2281     0.0136930
#==========================================================================================
# Variances and Principal Axes
#             agn:3bvapec1:2bvapec1:10bvapec1:11bvapec1:12bvapec1:13bvapec1:14bvapec1:15bvapec1:16bvapec1:17bvapec1:18  
# 4.7376E-10|  0.0044   0.0001  -0.0000   0.0000  -0.0000  -0.0000   0.0000   0.0000  -1.0000   0.0000   0.0015  
# 1.3192E-09|  0.9787   0.0025   0.0001   0.0001   0.0001   0.0000   0.0002   0.0000   0.0046   0.0000   0.2053  
# 6.1086E-08| -0.2053   0.0043   0.0009   0.0020   0.0008   0.0006   0.0027   0.0000   0.0006  -0.0000   0.9787  
# 3.2801E-04| -0.0014   0.9502  -0.0514  -0.1179  -0.0114   0.0095   0.2835   0.0028   0.0001  -0.0001  -0.0050  
# 4.4344E-03| -0.0002  -0.0456   0.2634  -0.9249   0.1561   0.1246  -0.1820   0.0006  -0.0000   0.0001   0.0022  
# 5.5323E-03|  0.0006  -0.2615   0.1928  -0.1849  -0.3249  -0.2551   0.8304  -0.0124  -0.0000   0.0004  -0.0004  
# 8.8703E-03| -0.0002   0.0689   0.1968   0.0069  -0.8635   0.3914  -0.2400   0.0067   0.0000   0.0003   0.0006  
# 1.3823E-02| -0.0003   0.1472   0.7173   0.1670  -0.0190  -0.6000  -0.2745   0.0163   0.0000  -0.0001  -0.0006  
# 2.0977E-02|  0.0003  -0.0134   0.5810   0.2617   0.3519   0.6371   0.2523  -0.0166  -0.0000  -0.0012  -0.0023  
# 7.0878E-01|  0.0000  -0.0090  -0.0009   0.0002   0.0078   0.0145   0.0199   0.9996  -0.0000  -0.0020  -0.0000  
# 1.2052E+02| -0.0000   0.0002   0.0006   0.0005   0.0008   0.0007   0.0001   0.0020   0.0000   1.0000  -0.0000  
#------------------------------------------------------------------------------------------
#
#====================================================================================================================================
#  Covariance Matrix
#        1           2           3           4           5           6           7           8           9          10          11   
#   1.044e-08  -2.172e-06   6.543e-07   1.343e-06   3.050e-06   4.780e-06   6.148e-06   9.041e-06  -1.964e-10  -5.749e-05  -2.703e-08
#  -2.172e-06   1.090e-03   1.086e-03   6.973e-04  -2.636e-04  -8.902e-04  -1.976e-03  -6.254e-03   9.716e-08   2.163e-02  -1.337e-06
#   6.543e-07   1.086e-03   1.510e-02   3.619e-03   2.481e-03   2.419e-03   5.984e-04  -5.634e-04   7.077e-08   7.404e-02  -3.053e-05
#   1.343e-06   6.973e-04   3.619e-03   5.840e-03   1.575e-03   1.933e-03   6.335e-04   2.240e-04   7.644e-08   5.979e-02  -2.232e-05
#   3.050e-06  -2.636e-04   2.481e-03   1.575e-03   1.002e-02   2.558e-03   2.275e-03   5.585e-03  -2.220e-08   9.276e-02  -1.985e-05
#   4.780e-06  -8.902e-04   2.419e-03   1.933e-03   2.558e-03   1.549e-02   3.759e-03   1.013e-02  -1.490e-07   8.978e-02  -2.301e-05
#   6.148e-06  -1.976e-03   5.984e-04   6.335e-04   2.275e-03   3.759e-03   7.157e-03   1.387e-02  -1.220e-07   1.413e-02  -1.591e-05
#   9.041e-06  -6.254e-03  -5.634e-04   2.240e-04   5.585e-03   1.013e-02   1.387e-02   7.087e-01  -3.158e-07   2.374e-01  -3.308e-05
#  -1.964e-10   9.716e-08   7.077e-08   7.644e-08  -2.220e-08  -1.490e-07  -1.220e-07  -3.158e-07   4.889e-10   2.537e-05  -1.557e-10
#  -5.749e-05   2.163e-02   7.404e-02   5.979e-02   9.276e-02   8.978e-02   1.413e-02   2.374e-01   2.537e-05   1.205e+02  -2.244e-04
#  -2.703e-08  -1.337e-06  -3.053e-05  -2.232e-05  -1.985e-05  -2.301e-05  -1.591e-05  -3.308e-05  -1.557e-10  -2.244e-04   2.094e-07
#------------------------------------------------------------------------------------------------------------------------------------
#
#========================================================================
#Model agn:TBabs<1>*powerlaw<2> Source No.: 1   Active/On
#Model Model Component  Parameter  Unit     Value
# par  comp
#   1    1   TBabs      nH         10^22    0.129000     frozen
#   2    2   powerlaw   PhoIndex            2.35000      frozen
#   3    2   powerlaw   norm                1.48812E-03  +/-  1.02161E-04  
#________________________________________________________________________
#
#
#========================================================================
#Model bvapec1:TBabs<1>*bvapec<2> Source No.: 2   Active/On
#Model Model Component  Parameter  Unit     Value
# par  comp
#   1    1   TBabs      nH         10^22    0.129000     frozen
#   2    2   bvapec     kT         keV      1.84999      +/-  3.30127E-02  
#   3    2   bvapec     He                  1.00000      frozen
#   4    2   bvapec     C                   1.00000      frozen
#   5    2   bvapec     N                   1.00000      frozen
#   6    2   bvapec     O                   1.00000      frozen
#   7    2   bvapec     Ne                  1.00000      frozen
#   8    2   bvapec     Mg                  1.00000      frozen
#   9    2   bvapec     Al                  1.00000      frozen
#  10    2   bvapec     Si                  1.40088      +/-  0.122871     
#  11    2   bvapec     S                   1.23828      +/-  7.64185E-02  
#  12    2   bvapec     Ar                  1.08480      +/-  0.100122     
#  13    2   bvapec     Ca                  1.39167      +/-  0.124478     
#  14    2   bvapec     Fe                  1.17981      +/-  8.45988E-02  
#  15    2   bvapec     Ni                  2.33130      +/-  0.841861     
#  16    2   bvapec     Redshift            4.29290E-03  +/-  2.21117E-05  
#  17    2   bvapec     Velocity   km/s     75.2281      +/-  10.9783      
#  18    2   bvapec     norm                1.36930E-02  +/-  4.57557E-04  
#________________________________________________________________________
#
#
#Fit statistic  : C-Statistic                15145.42     using 16599 bins.
#
#Test statistic : Chi-Squared                 8648.46     using 16599 bins.
#
#***Warning: Chi-square may not be valid due to bins with zero variance
#            in spectrum number(s): 1 
#
# Null hypothesis probability of 1.00e+00 with 16588 degrees of freedom
#
!XSPEC12>parallel leven 1
#
!XSPEC12>parallel error 20
#
!XSPEC12>error 1. agn:3
# Parameter   Confidence Range (1)
#     3   0.00139331   0.00158286    (-9.60996e-05,9.34422e-05)
#
!XSPEC12>error 1. bvapec1:2,10-18
# Parameter   Confidence Range (1)
#     2      1.82133      1.87867    (-0.0283121,0.0290249)
#    10      1.28273      1.52634    (-0.117657,0.125949)
#    11      1.16438      1.31553    (-0.0734912,0.0776567)
#    12      0.98815      1.18753    (-0.0969087,0.102469)
#    13      1.27244      1.51874    (-0.119502,0.126798)
#    14      1.10761      1.25901    (-0.0729985,0.0783991)
#    15      1.54758      3.21817    (-0.785627,0.884961)
#    16   0.00427084   0.00431486    (-2.19357e-05,2.20836e-05)
#    17      61.8821      88.0914    (-13.2198,12.9895)
#    18    0.0132341     0.014152    (-0.000459096,0.00045884)
#
!XSPEC12>parallel error 1
#
!XSPEC12>save model AGN_plus_TBabs
#
!XSPEC12>show par
#
#Parameters defined:
#========================================================================
#Model agn:TBabs<1>*powerlaw<2> Source No.: 1   Active/On
#Model Model Component  Parameter  Unit     Value
# par  comp
#   1    1   TBabs      nH         10^22    0.129000     frozen
#   2    2   powerlaw   PhoIndex            2.35000      frozen
#   3    2   powerlaw   norm                1.48941E-03  +/-  1.02161E-04  
#________________________________________________________________________
#
#========================================================================
#Model bvapec1:TBabs<1>*bvapec<2> Source No.: 2   Active/On
#Model Model Component  Parameter  Unit     Value
# par  comp
#   1    1   TBabs      nH         10^22    0.129000     frozen
#   2    2   bvapec     kT         keV      1.84940      +/-  3.30127E-02  
#   3    2   bvapec     He                  1.00000      frozen
#   4    2   bvapec     C                   1.00000      frozen
#   5    2   bvapec     N                   1.00000      frozen
#   6    2   bvapec     O                   1.00000      frozen
#   7    2   bvapec     Ne                  1.00000      frozen
#   8    2   bvapec     Mg                  1.00000      frozen
#   9    2   bvapec     Al                  1.00000      frozen
#  10    2   bvapec     Si                  1.40018      +/-  0.122871     
#  11    2   bvapec     S                   1.23771      +/-  7.64185E-02  
#  12    2   bvapec     Ar                  1.08525      +/-  0.100122     
#  13    2   bvapec     Ca                  1.39231      +/-  0.124478     
#  14    2   bvapec     Fe                  1.18113      +/-  8.45988E-02  
#  15    2   bvapec     Ni                  2.33432      +/-  0.841861     
#  16    2   bvapec     Redshift            4.29276E-03  +/-  2.21117E-05  
#  17    2   bvapec     Velocity   km/s     75.1253      +/-  10.9783      
#  18    2   bvapec     norm                1.36931E-02  +/-  4.57557E-04  
#________________________________________________________________________
#
#
!XSPEC12>cpd AGN_plus_TBabs.ps/cps
#
!XSPEC12>setpl rebin 5 10
#
!XSPEC12>setplot rebin 5 10
#
!XSPEC12>setpl xlog off
#
!XSPEC12>setplot xlog off
#
!XSPEC12>setpl ylog on
#
!XSPEC12>setplot ylog on
#
!XSPEC12>setpl energy
#
!XSPEC12>setplot energy
#
!XSPEC12>plot data resid
#
!XSPEC12>iplot
#
!XSPEC12>/*
#
!XSPEC12>/
#
!XSPEC12>null
#
!XSPEC12>color 2 on 1
#
!XSPEC12>::tcl::namespace::current
#invalid command name "color"
#
!XSPEC12> quit
# XSPEC: quit
#